% ---------------------------------------------------------- %
allocation_time = 0.069152;
cpu_compution_time = 6.98902;
gpu_compution_time = 27505;
copyback_time = 0;
% ---------------------------------------------------------- %
number_of_particles = 100;
number_of_iterations = 1000;
% ---------------------------------------------------------- %
displacement = [9.48124, 15.6934, 56.205, 11.7255, 66.927, 280.899, 26.4692, 16.2924, 256.308, 314.087, 123.85, 106.037, 42.787, 1.10665, 64.0446, 10.3704, 7.07877, 37.6768, 77.0532, 233.002, 79.8627, 50.1482, 182.733, 11.963, 24.8581, 22.6795, 72.0138, 80.4167, 23.7287, 291.427, 56.2571, 157.961, 82.5601, 61.7654, 4.11482, 13.8073, 14.3736, 29.2982, 26.7497, 167.592, 71.2985, 287.66, 44.6463, 73.2398, 8.9965, 178.706, 105.818, 120.097, 175.7, 25.8878, 24.5874, 27.6845, 66.2305, 15.2438, 201.681, 59.4381, 81.2404, 148.773, 74.0236, 10.7308, 354.661, 38.3278, 7.98751, 52.0733, 61.4919, 31.8035, 130.424, 202.576, 154.665, 19.0646, 32.6481, 81.0528, 29.617, 29.9611, 236.149, 0.460948, 58.5903, 36.5004, 36.1725, 12.0175, 120.27, 79.2615, 44.4366, 39.4341, 18.3103, 267.709, 7.09804, 225.217, 105.255, 109.03, 55.3063, 10.2983, 34.0775, 53.0685, 378.697, 88.9821, 103.689, 137.163, 20.779, 385.434];
final_positions = [[-3.55768, 8.78845], [13.3218, -8.29527], [-19.894, -52.5665], [-11.2553, 3.28718], [54.9205, 38.2487], [-268.629, -82.1122], [20.3394, 16.939], [15.8703, 3.68461], [42.4849, -252.762], [72.0872, 305.703], [-117.746, -38.4017], [-102.141, 28.4784], [-33.7037, 26.3588], [0.675446, -0.876612], [16.0751, 61.9944], [9.45857, -4.25222], [5.88337, 3.93635], [2.271, 37.6083], [-74.256, -20.573], [17.2132, 232.366], [-76.6172, 22.5357], [-7.45117, 49.5915], [-179.587, -33.7608], [-0.789936, 11.9369], [4.23742, 24.4943], [10.0002, -20.3557], [61.3384, -37.7304], [22.4188, -77.2286], [21.8293, 9.30217], [-219.158, 192.093], [-52.2581, -20.8315], [119.11, -103.752], [69.8163, 44.0664], [-59.5376, 16.4389], [-4.07778, -0.550865], [0.381161, 13.802], [5.08555, -13.4438], [-28.2344, -7.82302], [-22.2013, -14.9213], [43.9371, 161.73], [9.89641, 70.6083], [250.318, 141.738], [-33.8198, -29.1464], [24.9772, -68.8492], [8.92702, 1.11597], [-123.508, -129.158], [-64.6865, 83.7449], [-119.301, -13.8034], [75.8555, -158.481], [-25.8101, -2.00483], [-24.3932, -3.08485], [-2.48028, 27.5732], [54.8283, 37.1529], [10.0378, -11.4725], [194.407, 53.6764], [-39.5698, -44.3522], [-18.2794, 79.1572], [1.54163, 148.765], [41.6457, 61.1975], [-3.91878, 9.98966], [305.063, 180.89], [20.5976, 32.3227], [-5.55467, 5.73985], [-31.2121, 41.6825], [-54.0247, -29.3697], [-28.984, -13.0915], [-108.558, 72.2883], [-186.893, -78.1543], [-142.977, -58.9811], [17.9816, 6.33416], [28.64, 15.6731], [62.3953, 51.7338], [-29.5922, 1.21291], [20.3953, -21.9476], [89.915, -218.361], [0.0699671, 0.455607], [-58.5901, -0.139479], [28.0345, 23.374], [-22.6809, -28.1785], [-10.9912, -4.85932], [103.735, -60.8586], [-65.1945, -45.0784], [-17.1919, -40.9762], [-37.1193, 13.3121], [-3.9894, -17.8704], [209.917, -166.142], [-6.95424, -1.42152], [-169.412, 148.399], [102.499, -23.9265], [32.7036, 104.01], [42.797, 35.0313], [-6.40999, 8.06018], [2.74442, 33.9669], [33.9738, 40.7682], [377.661, -27.9944], [46.3119, -75.9804], [16.252, -102.407], [112.67, 78.2263], [5.82831, -19.9449], [265.535, 279.376]];
total_distances = [45.4162, 72.4933, 60.7224, 28.7978, 67.461, 87.0866, 79.1921, 30.5197, 64.1764, 78.5572, 49.2131, 75.5579, 48.514, 29.385, 59.9819, 57.0806, 85.9422, 53.3995, 68.385, 68.7837, 62.956, 39.524, 74.2959, 15.8158, 58.3729, 65.9972, 77.2982, 80.0942, 50.2728, 87.9079, 52.9739, 70.928, 77.0358, 59.6007, 60.7738, 40.7936, 50.4291, 61.7831, 40.1526, 73.9796, 71.6943, 82.3145, 30.2369, 72.7489, 60.0064, 76.9129, 49.4256, 77.067, 94.179, 66.5975, 28.2537, 76.4559, 76.3194, 65.801, 61.761, 57.2194, 66.5714, 64.4495, 36.827, 18.2163, 89.1993, 88.6874, 80.5181, 40.0592, 91.5452, 27.6935, 77.8723, 99.4045, 75.5395, 75.519, 33.9978, 87.0364, 80.5725, 57.6758, 81.8653, 67.1488, 69.1168, 83.1713, 59.5525, 27.1956, 58.2939, 88.5441, 59.6272, 33.799, 27.4713, 111.389, 49.3704, 86.6947, 40.0886, 85.1627, 40.1936, 58.9564, 53.4664, 58.7229, 86.2443, 67.8625, 53.7293, 78.2571, 62.9035, 85.4046];
final_velocities = [1.8524, 3.19332, 3.0602, 1.1293, 2.62774, 6.59997, 4.62303, 0.698492, 4.33096, 5.83672, 0.980156, 4.19225, 1.56982, 0.881963, 3.24964, 2.12953, 5.42132, 2.68631, 4.18057, 3.88779, 2.38251, 1.19393, 5.27396, 0.212322, 3.03524, 3.33451, 4.41645, 5.1272, 1.51838, 6.04434, 2.60507, 3.03562, 4.484, 2.68619, 3.38297, 1.62144, 1.87355, 2.97322, 1.49358, 3.99406, 4.36144, 4.31564, 1.75777, 3.86265, 3.50357, 4.81125, 1.39827, 6.05205, 6.80868, 4.37643, 0.238585, 5.02798, 3.97158, 3.19375, 2.46917, 1.97324, 3.38107, 4.00881, 0.189265, 0.338458, 4.64382, 5.1055, 4.51246, 1.96114, 5.85322, 1.52986, 4.40496, 7.77849, 4.19887, 4.59494, 0.697529, 5.11175, 6.10245, 2.47163, 4.66393, 4.04637, 4.92603, 4.74008, 2.57964, 1.11583, 3.10127, 5.6095, 2.76697, 0.660522, 1.10207, 8.43824, 1.66907, 4.67603, 0.999177, 5.46645, 0.694765, 2.20168, 2.95161, 2.5179, 5.97086, 3.03835, 2.16824, 3.93666, 3.16173, 4.19636];
