% ---------------------------------------------------------- %
allocation_time = 0.142784;
cpu_compution_time = 511.455;
gpu_compution_time = 2.76551e+06;
copyback_time = 0;
% ---------------------------------------------------------- %
number_of_particles = 100;
number_of_iterations = 100000;
% ---------------------------------------------------------- %
displacement = [1186.85, 3958.94, 1309.77, 1248.5, 5887.62, 378.808, 1167.32, 2358.2, 1557.91, 1992.72, 1315.24, 935.869, 1345.94, 1240.34, 3296.73, 8878.18, 10738.9, 4811.04, 2862.86, 1257.7, 2233.89, 7823.66, 2441.74, 1427.56, 4963.52, 1033.46, 1452.07, 734.066, 3891.92, 1425.33, 1329.44, 1271.86, 6102.51, 1508.67, 2128.78, 1223.7, 1669.62, 1722.6, 1230.99, 1518.25, 869.584, 2186.67, 1269.58, 1633.1, 2166.21, 2062.64, 1788.32, 7834.27, 5055.91, 874.15, 1250.23, 1538.96, 1054.91, 2709.01, 1360.04, 2281.63, 8986.37, 2396.14, 3011.1, 1917.38, 2153.24, 3794.18, 1360.38, 2991.81, 582.028, 1314.09, 2621.59, 809.582, 907.856, 828.356, 1240.59, 3697.74, 2063.64, 1387.49, 1395.75, 1544.92, 1245.08, 2676.56, 1232.54, 1322.69, 1135.54, 1681.94, 1122.95, 1441.53, 3860.21, 5279.59, 1548.06, 813.48, 1342.91, 843.493, 1303.72, 2891.53, 1522.56, 5597.47, 537.183, 11337.9, 1599.03, 1575.85, 1199.85, 2184.62];
final_positions = [[445.335, -1100.13], [3360.64, -2092.68], [463.606, 1224.98], [1198.44, -350.013], [4831.42, 3364.73], [362.262, 110.734], [896.981, 747.03], [2297.1, 533.316], [-258.233, 1536.36], [-457.356, -1939.52], [-1250.42, -407.807], [-901.485, 251.347], [-1060.22, 829.15], [757.035, -982.514], [827.475, 3191.19], [8097.5, -3640.39], [8925.31, 5971.86], [289.987, 4802.29], [2758.93, 764.371], [92.9142, 1254.26], [-2143.1, 630.362], [-1162.46, 7736.82], [2399.71, 451.126], [-94.2641, 1424.44], [-846.101, -4890.87], [-455.684, 927.572], [1236.82, -760.782], [-204.65, 704.962], [3580.38, 1525.73], [1071.85, -939.519], [1234.93, 492.283], [959.042, -835.385], [5160.54, 3257.22], [-1454.25, 401.533], [2109.62, 284.991], [-33.7814, -1223.24], [590.7, -1561.63], [1660.06, 459.95], [1021.68, 686.657], [398.037, 1465.15], [120.702, 861.167], [1902.81, 1077.44], [961.7, 828.83], [556.963, -1535.19], [2149.48, 268.708], [1425.56, 1490.73], [-1093.21, 1415.27], [7782.35, 900.447], [2182.81, -4560.44], [871.524, 67.697], [-1240.35, -156.861], [-137.879, 1532.77], [873.29, 591.768], [-1783.86, 2038.78], [1310.99, 361.962], [-1518.95, -1702.53], [-2021.92, 8755.95], [24.8298, 2396.01], [1694.05, 2489.36], [-700.214, 1784.95], [1852.1, 1098.25], [2039.02, 3199.71], [-946.04, 977.567], [1793.25, -2394.83], [511.352, 277.984], [1197.59, 540.927], [-2182.07, 1453.04], [746.917, 312.311], [-839.252, -346.206], [-781.3, -275.215], [1088.29, 595.549], [2846.56, 2360.16], [2061.91, -84.5142], [-944.5, 1016.39], [531.448, -1290.61], [234.491, 1527.02], [1245.07, 2.96398], [2055.76, 1714.01], [772.83, 960.152], [1209.73, 534.84], [-979.43, 574.599], [1383.43, 956.582], [-434.45, -1035.51], [-1356.9, 486.628], [-841.04, -3767.48], [4139.8, -3276.61], [1516.7, 310.033], [-611.913, 536.015], [1307.75, -305.267], [253.01, 804.653], [1008.84, 825.784], [-1799.79, 2263.12], [-122.62, -1517.62], [3583.42, 4300.08], [535.713, -39.7095], [5901, -9681.24], [250.632, -1579.27], [1294.43, 898.744], [-336.549, 1151.68], [1505.04, 1583.49]];
total_distances = [603.066, 1035.5, 516.709, 457.477, 1320.32, 534.53, 614.748, 541.32, 579.809, 665.189, 566.372, 480.128, 693.609, 499.833, 679.278, 1074.91, 1476.77, 946.691, 963.201, 640.051, 757.791, 1034.73, 801.304, 548.32, 988.078, 697.862, 855.669, 779.663, 923.717, 593.971, 533.501, 819.599, 1244.58, 526.276, 503.218, 382.804, 940.761, 677.275, 489.302, 750.045, 712.409, 1064.71, 510.47, 1093.74, 806.742, 1073.3, 1094.45, 1102.3, 1316.65, 579.994, 491.524, 572.736, 594.904, 1078.82, 618.308, 930.403, 1363.75, 722.784, 768.563, 642.434, 1138.03, 1062.31, 741.915, 839.011, 710.16, 476.363, 1010.2, 962.04, 633.358, 687.268, 708.976, 1196.93, 866.18, 673.029, 642.437, 655.026, 447.551, 742.615, 562.516, 469.024, 432.698, 747.515, 578.381, 608.887, 812.119, 1395.4, 625.444, 533.65, 492.661, 583.114, 487.583, 996.752, 479.791, 721.551, 589.786, 1232.45, 386.791, 795.497, 448.775, 889.46];
final_velocities = [1.8524, 3.19332, 3.0602, 1.1293, 2.62774, 6.59997, 4.62303, 0.698492, 4.33096, 5.83672, 0.980156, 4.19225, 1.56982, 0.881963, 3.24964, 2.12953, 5.42132, 2.68631, 4.18057, 3.88779, 2.38251, 1.19393, 5.27396, 0.212322, 3.03524, 3.33451, 4.41645, 5.1272, 1.51838, 6.04434, 2.60507, 3.03562, 4.484, 2.68619, 3.38297, 1.62144, 1.87355, 2.97322, 1.49358, 3.99406, 4.36144, 4.31564, 1.75777, 3.86265, 3.50357, 4.81125, 1.39827, 6.05205, 6.80868, 4.37643, 0.238585, 5.02798, 3.97158, 3.19375, 2.46917, 1.97324, 3.38107, 4.00881, 0.189265, 0.338458, 4.64382, 5.1055, 4.51246, 1.96114, 5.85322, 1.52986, 4.40496, 7.77849, 4.19887, 4.59494, 0.697529, 5.11175, 6.10245, 2.47163, 4.66393, 4.04637, 4.92603, 4.74008, 2.57964, 1.11583, 3.10127, 5.6095, 2.76697, 0.660522, 1.10207, 8.43824, 1.66907, 4.67603, 0.999177, 5.46645, 0.694765, 2.20168, 2.95161, 2.5179, 5.97086, 3.03835, 2.16824, 3.93666, 3.16173, 4.19636];
