% ---------------------------------------------------------- %
allocation_time = 0.15392;
cpu_compution_time = 5254.25;
gpu_compution_time = 2.71411e+06;
copyback_time = 0;
% ---------------------------------------------------------- %
number_of_particles = 1000;
number_of_iterations = 100000;
% ---------------------------------------------------------- %
displacement = [1186.85, 3958.94, 1309.77, 1248.5, 5887.62, 378.808, 1167.32, 2358.2, 1557.91, 1992.72, 1315.24, 935.869, 1345.94, 1240.34, 3296.73, 8878.18, 10738.9, 4811.04, 2862.86, 1257.7, 2233.89, 7823.66, 2441.74, 1427.56, 4963.52, 1033.46, 1452.07, 734.066, 3891.92, 1425.33, 1329.44, 1271.86, 6102.51, 1508.67, 2128.78, 1223.7, 1669.62, 1722.6, 1230.99, 1518.25, 869.584, 2186.67, 1269.58, 1633.1, 2166.21, 2062.64, 1788.32, 7834.27, 5055.91, 874.15, 1250.23, 1538.96, 1054.91, 2709.01, 1360.04, 2281.63, 8986.37, 2396.14, 3011.1, 1917.38, 2153.24, 3794.18, 1360.38, 2991.81, 582.028, 1314.09, 2621.59, 809.582, 907.856, 828.356, 1240.59, 3697.74, 2063.64, 1387.49, 1395.75, 1544.92, 1245.08, 2676.56, 1232.54, 1322.69, 1135.54, 1681.94, 1122.95, 1441.53, 3860.21, 5279.59, 1548.06, 813.48, 1342.91, 843.493, 1303.72, 2891.53, 1522.56, 5597.47, 537.183, 11337.9, 1599.03, 1575.85, 1199.85, 2184.62, 3017.94, 1215.53, 1737.23, 1353.7, 3150.4, 1241.78, 1632.31, 6273.79, 1742.77, 3351.38, 4908.42, 1982.76, 1252.52, 2086.79, 1060.96, 1395.38, 1085.23, 1724.29, 2509.25, 1816.22, 904.289, 952.276, 4133.54, 1555.03, 2903.79, 1317.71, 14465.1, 937.731, 1696.17, 1931.41, 1207.11, 2284.9, 1467.08, 7880.2, 3073.96, 2392.72, 4462.06, 1854.9, 2738.99, 1487.39, 55.4377, 871.511, 486.567, 1803.35, 2544.04, 8595.5, 1178.38, 2515.63, 2554.35, 2142.79, 2133.81, 1206.63, 1345.34, 1316.33, 2207.66, 1544.24, 8453.57, 1394, 1166.28, 1596.63, 1434.72, 3902.61, 4467.92, 2247.58, 7028.22, 2329.81, 995.525, 1239.57, 3729.53, 1213.94, 1032.84, 62.0927, 1253.34, 5622.91, 758.99, 10612.7, 953.563, 1269.53, 3819.03, 7076.15, 900.537, 1665.77, 1298.43, 5199.43, 3505.88, 1114.34, 5849.06, 1290.07, 4772.58, 585.979, 1109.66, 970.513, 2639.61, 2649.25, 1350.92, 770.292, 1496.59, 1092.86, 1577.48, 1483.23, 1300.98, 1821.29, 568.204, 4370.89, 1237.62, 1031.05, 565.628, 1635.59, 1426.47, 1733.74, 1107.22, 1460.7, 1727.37, 4704.12, 840.542, 1303.84, 1275.85, 2033.25, 6501.7, 1225.35, 2491.12, 1266.92, 1185.56, 2896.83, 1608.98, 2582.37, 6019.06, 2974.12, 1151.84, 3090.35, 2444.93, 1323.19, 755.344, 4495.78, 1295.76, 1363.71, 3431.5, 6431.22, 3402.42, 1024.73, 4953.38, 1567.24, 2078.58, 1982.04, 5993.23, 1338.71, 4511.08, 1165.79, 1871.35, 12799.5, 3746.42, 619.867, 864.941, 12042.4, 689.23, 1072.04, 8668.66, 966.328, 3223.37, 4605.61, 1100.11, 478.67, 1191.31, 1358.19, 971.535, 1740.91, 3074.61, 5693.45, 2962.66, 5877.09, 838.685, 2031.88, 864.63, 1463.35, 2973.25, 2563.64, 2167.53, 1226.07, 1687.57, 2133.9, 1294.51, 3276.75, 3728.28, 3601, 1914.06, 1141.05, 2247.95, 1326.98, 2544.98, 1647.17, 6085.29, 1239.22, 4164.49, 1808.14, 5429.31, 1016.64, 1176.9, 1653.21, 3647.54, 855.959, 1032.24, 1630.78, 2118.04, 1884.8, 1027.81, 880.281, 1246.37, 2232.17, 1237.9, 1077.78, 902.479, 1583.28, 2466.23, 796.016, 2516.73, 1547.54, 1142.37, 1644.44, 931.292, 2034.06, 1594.07, 1642.95, 4456.59, 1239.42, 1749.22, 3381.94, 1178.77, 1463.87, 2643.59, 3897.12, 11711.7, 1288.82, 1547.99, 1148.67, 3427.56, 6409.71, 2057.37, 1540.88, 1907.44, 1371.55, 7758.32, 2777.61, 1029.67, 1584.42, 1094.07, 4592.64, 2883.31, 1209.17, 4227.94, 1071.63, 1217.87, 2249.11, 2533.21, 1778.59, 1186.6, 627.265, 1384.24, 1009.3, 938.05, 1413.84, 1004.95, 3009.95, 1163.79, 13957.7, 2208.58, 447.754, 1002.31, 1310.45, 2328.43, 1164.76, 2094.36, 3721.49, 1979.56, 2116.59, 758.863, 1856.93, 1732.39, 1515.74, 1251.61, 4584.16, 1144.86, 1382.57, 7883.67, 1515.77, 1279.54, 1286.49, 505.012, 2814.37, 1770.38, 1887.5, 3292.46, 3483.43, 8160.79, 1480.94, 2292.39, 2468.35, 1160.04, 3228.05, 2065.99, 1902.46, 558.555, 1207.86, 3961.59, 2684.32, 6632.79, 987.764, 1320.97, 1866.11, 2970.95, 1093.39, 1737.89, 2115.64, 1071.24, 561.447, 792.372, 1260.03, 1080.3, 1757.25, 1047.06, 1104.53, 980.798, 4357.11, 3825, 1224.89, 2881.1, 1071.03, 2191.97, 1534.46, 5665.79, 1498.58, 827.421, 6242.42, 1474.43, 1237.48, 2401.26, 4787.72, 2751.59, 1463.22, 1255.13, 3173.42, 1711.71, 1220.39, 11424.1, 2427.2, 763.596, 2968.57, 5508.06, 1563.82, 4049.04, 2938.02, 763.44, 1658.14, 1400.73, 2029.37, 853.386, 6577.22, 1124.13, 4750.49, 2608.82, 3147.68, 1785.27, 1208.6, 3777.05, 1331.36, 2869.01, 1096.23, 2915.02, 2500.57, 1100.18, 4076.84, 1863.81, 2009.36, 4155.23, 10736.4, 5511.11, 2199.24, 2126.72, 1215.63, 6805.67, 923.498, 1318.69, 1359.37, 1904.39, 1079.03, 1141.66, 5458.32, 1255.63, 2876.44, 5472.36, 1857, 1034.95, 4427.15, 1780.28, 518.995, 3686.64, 1336.43, 5786.01, 4452.11, 2678.51, 1594.46, 1305.15, 3279.82, 885.751, 3504.57, 2804.11, 4404.49, 2586.54, 2314.05, 7486.35, 3090.57, 2503.17, 1321.34, 1190.3, 8435.23, 4231.41, 6016.77, 1926.6, 3387.06, 1905.19, 1174.37, 1004.02, 926.453, 1114.04, 1268.41, 4334.26, 2385, 1613.92, 2116.25, 1666.15, 2246.38, 897.643, 3351.26, 946.482, 1167.97, 3126.57, 1164.15, 1337.12, 4193.72, 1677.24, 1102.42, 890.873, 2127.62, 952.217, 1125.18, 1367.83, 744.104, 4030.27, 3632.48, 1126.44, 1908.67, 1345.55, 1534.03, 3889.73, 2089.73, 1955.52, 3128.54, 1221.94, 1258.98, 1426.71, 2259.54, 2297.34, 1930.34, 3700.89, 1479.6, 980.942, 1700.79, 1124.95, 1636.23, 1190.75, 1887.9, 665.812, 750.548, 445.065, 3314.88, 1476.33, 1426.31, 710.595, 1150.26, 4689.45, 1507, 1727.01, 2527.93, 1351.92, 1129.21, 1202.82, 2266.88, 1218.36, 8696.85, 2712.91, 755.275, 2653.23, 1170.27, 6271.66, 637.598, 1713.94, 3759.19, 1105.59, 1662.92, 1531.11, 1862.12, 1424.43, 1006.92, 3893.6, 2521.26, 4029.07, 993.661, 8795.45, 1705.31, 2888.08, 1679.64, 2370.71, 4568.89, 1000.96, 2019.14, 2012.95, 2066.84, 1255.39, 2038.27, 784.149, 5555.81, 1312.6, 6635.16, 6889.61, 7555.66, 1705.63, 4470.8, 4078.2, 1140.15, 1067.45, 1356.07, 1540.52, 1311.44, 3731.47, 1032.25, 1379.47, 2900.57, 3133.17, 1516.02, 32.8542, 1863.15, 2688.84, 1713.25, 2686.42, 2166.89, 1670.94, 6671.78, 1237.35, 525.835, 1252.65, 5122.31, 3524.07, 1331.92, 4889.03, 1409.67, 10471, 1472.61, 2338.53, 1353.84, 1573.68, 1495.1, 953.086, 1563.25, 1289.81, 1060.64, 3148.81, 1124.19, 1208.26, 871.156, 1572.41, 1373.59, 1021.37, 2356.95, 4728.96, 1348.62, 3419.41, 3554.09, 1154.21, 4619.14, 1848.69, 1215.75, 2209.89, 2302.31, 945.475, 437.361, 1278.07, 1872, 7376.72, 1162.66, 899.192, 3205.29, 4530.33, 1246.71, 1448.77, 1599.75, 2376.28, 1028.35, 1166.23, 5065.9, 3367.04, 984.746, 1603.65, 1729.84, 1211.04, 2042.73, 1607.67, 728.789, 9033.76, 2657.31, 2320.8, 1496.81, 2019.57, 6253.23, 1493.65, 1409.68, 2566.7, 4876.98, 1180.58, 2395.98, 1672.57, 2648.69, 1515.47, 2409.24, 1254.77, 1145.76, 1880.36, 1815.59, 1456.27, 1241.31, 1359.31, 1154.14, 677.787, 1949.81, 1202.64, 1497.65, 3223.27, 1841.36, 1685.81, 1182.31, 2526.53, 1423.2, 3725.68, 3042.79, 1466.48, 14706.6, 1071.51, 387.696, 2605.29, 1070.53, 2499.54, 4009.04, 1013.42, 1835.36, 985.51, 2008, 1304.82, 3065.23, 1821.98, 1258.45, 4406.75, 1271.05, 1443.38, 809.755, 1772.63, 1206.02, 802.61, 3197.04, 8019.78, 6929.43, 3179.69, 3064.18, 1111.54, 4298.53, 2351.09, 1100.25, 1156.96, 1047.89, 2123.43, 1886.75, 2862.82, 2523.23, 1082.85, 2560.13, 2628.01, 1134.62, 1268.86, 1666.52, 1140.51, 1268.22, 7768.11, 1331.96, 2727.15, 1320.89, 1884.66, 1821.5, 1195.92, 1248.64, 1515.11, 4189.21, 3002.39, 1099.11, 2042.67, 1366.96, 1211.51, 1474.11, 3337.05, 694.354, 1563.16, 1389.43, 1289.66, 1506.44, 1187.02, 1239.08, 1094.07, 2344.79, 5662, 7078.89, 1156.4, 1120.75, 1360.78, 2374.19, 925.277, 2969.2, 1640.56, 1389.73, 580.804, 2133, 2526.97, 1237.9, 1834.95, 4064.66, 2512.85, 6754.17, 111.145, 3248.25, 1359.13, 3031.14, 1241.17, 720.095, 1976.43, 2294.2, 2426.53, 5529.98, 1321.07, 3533.89, 1075.87, 1146.49, 1120, 1154.44, 978.499, 2475.75, 1634.09, 8501.2, 4489.2, 1313.77, 1051.07, 1175.99, 5766.54, 