% ---------------------------------------------------------- %
allocation_time = 0.247712;
cpu_compution_time = 52.0412;
gpu_compution_time = 27033.4;
copyback_time = 0;
% ---------------------------------------------------------- %
number_of_particles = 1000;
number_of_iterations = 1000;
% ---------------------------------------------------------- %
displacement = [9.48124, 15.6934, 56.205, 11.7255, 66.927, 280.899, 26.4692, 16.2924, 256.308, 314.087, 123.85, 106.037, 42.787, 1.10665, 64.0446, 10.3704, 7.07877, 37.6768, 77.0532, 233.002, 79.8627, 50.1482, 182.733, 11.963, 24.8581, 22.6795, 72.0138, 80.4167, 23.7287, 291.427, 56.2571, 157.961, 82.5601, 61.7654, 4.11482, 13.8073, 14.3736, 29.2982, 26.7497, 167.592, 71.2985, 287.66, 44.6463, 73.2398, 8.9965, 178.706, 105.818, 120.097, 175.7, 25.8878, 24.5874, 27.6845, 66.2305, 15.2438, 201.681, 59.4381, 81.2404, 148.773, 74.0236, 10.7308, 354.661, 38.3278, 7.98751, 52.0733, 61.4919, 31.8035, 130.424, 202.576, 154.665, 19.0646, 32.6481, 81.0528, 29.617, 29.9611, 236.149, 0.460948, 58.5903, 36.5004, 36.1725, 12.0175, 120.27, 79.2615, 44.4366, 39.4341, 18.3103, 267.709, 7.09804, 225.217, 105.255, 109.03, 55.3063, 10.2983, 34.0775, 53.0685, 378.697, 88.9821, 103.689, 137.163, 20.779, 385.434, 13.8191, 129.519, 44.7261, 82.5966, 30.1034, 18.5849, 23.4038, 105.157, 25.143, 65.6817, 53.9375, 126.517, 52.754, 295.26, 9.59988, 30.4843, 30.4295, 88.465, 71.3301, 11.8306, 41.4236, 210.496, 9.4318, 10.826, 203.89, 116.325, 11.2914, 204.73, 10.3125, 37.8531, 26.2747, 0.237513, 131.495, 0.72284, 12.232, 2.3201, 67.1997, 44.5838, 72.8942, 3.81649, 292.734, 252.256, 279.245, 238.648, 11.2985, 373.112, 260.953, 430.562, 265.688, 292.164, 17.4604, 22.0586, 131.633, 94.3698, 54.237, 105.582, 441.095, 4.43527, 186.818, 20.1122, 122.822, 375.516, 115.868, 56.3887, 103.708, 3.92455, 268.292, 92.0223, 167.043, 23.5618, 74.8787, 245.759, 9.8233, 1.96932, 156.646, 35.5458, 143.974, 264.055, 297.881, 30.6888, 189.927, 15.6893, 30.6148, 145.278, 51.8241, 260.079, 44.0968, 124.122, 13.3217, 289.178, 76.1465, 372.392, 40.739, 77.4538, 159.235, 440.853, 67.086, 44.9411, 103.839, 91.9903, 17.1898, 40.8613, 462.201, 69.47, 18.3705, 52.8717, 141.921, 13.0172, 17.6044, 88.9999, 35.3955, 52.6887, 27.1463, 14.404, 38.8199, 198.105, 30.847, 226.682, 21.4962, 110.835, 174.423, 98.2319, 54.9744, 17.1898, 69.6539, 120.891, 43.7165, 169.141, 203.805, 7.25713, 199.645, 90.4091, 90.1799, 94.4034, 41.0947, 65.4881, 27.3814, 91.1158, 91.3965, 134.326, 12.2143, 81.4929, 115.157, 57.0804, 21.8402, 83.6877, 6.37477, 45.0197, 38.5026, 97.9377, 67.4901, 26.2682, 242.437, 115.605, 192.291, 68.3741, 56.0872, 67.9338, 30.7904, 71.8498, 125.539, 149.779, 10.1251, 576.445, 32.2341, 186.858, 84.2653, 60.0213, 22.3605, 73.2869, 241.881, 16.1692, 113.759, 1.21482, 22.5085, 78.3877, 123.918, 8.11226, 33.8592, 131.448, 117.197, 19.4908, 64.8842, 147.935, 26.0646, 8.94979, 10.5458, 1.4411, 27.753, 250.715, 44.1019, 47.9421, 227.336, 40.5176, 125.518, 179.808, 32.1343, 6.90938, 120.785, 76.603, 142.423, 29.2558, 59.5694, 60.3067, 26.1102, 165.803, 60.2127, 61.9112, 18.5475, 34.0044, 37.8854, 42.5113, 21.8884, 83.4761, 34.6651, 64.8583, 150.738, 8.04471, 24.6039, 146.418, 179.048, 37.122, 51.369, 65.9171, 83.6418, 89.7492, 224.756, 209.537, 80.8525, 39.9888, 138.134, 3.80794, 144.896, 53.3823, 41.1522, 79.2835, 5.27825, 38.1703, 92.9499, 67.6918, 116.598, 55.8925, 214.435, 25.0611, 44.5067, 42.4109, 16.9228, 51.7805, 8.63009, 57.1867, 14.3567, 7.65969, 4.20289, 208.038, 2.75975, 148.612, 438.235, 6.11703, 36.7421, 6.7728, 93.0148, 12.975, 5.20164, 70.4352, 169.569, 308.312, 160.304, 109.746, 48.285, 36.4726, 156.024, 55.8476, 39.8042, 83.9912, 79.9717, 160.8, 70.0974, 137.797, 127.243, 198.764, 84.7597, 3.0903, 87.8354, 202.445, 21.0749, 39.2497, 115.055, 42.4224, 16.845, 15.9324, 114.539, 209.529, 83.3561, 10.0487, 21.8667, 109.775, 26.1886, 35.3884, 178.888, 154.472, 76.046, 65.4921, 231.592, 63.4531, 368.683, 73.7301, 36.6794, 2.36846, 13.5406, 35.0241, 48.3305, 23.8059, 327.761, 50.6261, 185.779, 0.520882, 81.5752, 70.4074, 39.2354, 326.997, 75.6256, 42.1033, 58.4819, 45.7702, 37.1823, 231.173, 24.4935, 71.2206, 7.28827, 23.5674, 151.432, 27.8175, 13.9676, 13.3404, 64.4193, 32.8451, 36.1326, 5.10101, 22.2136, 55.6868, 42.688, 102.183, 14.9075, 1.32678, 216.036, 57.5734, 32.2134, 31.3243, 51.0783, 32.4956, 495.286, 78.4949, 16.6601, 146.699, 59.6655, 303.207, 42.8669, 21.7676, 4.92174, 8.24566, 11.0482, 181.988, 70.9762, 22.4369, 46.5109, 231.577, 10.9138, 62.5262, 164.867, 12.7418, 26.2106, 37.0911, 36.39, 168.32, 71.5314, 9.60045, 19.1352, 153.387, 85.1715, 46.049, 66.6617, 35.1013, 11.8599, 37.2342, 27.6484, 32.2548, 28.0694, 89.1534, 383.134, 49.1394, 54.7108, 52.466, 18.2255, 98.2846, 3.66857, 14.2302, 22.1919, 18.9774, 22.9521, 13.4274, 19.8928, 18.7718, 81.6781, 85.5038, 51.2134, 413.49, 14.7552, 68.9883, 32.4841, 261.449, 22.4725, 30.5595, 62.549, 89.1584, 9.8261, 123.083, 2.97975, 5.42805, 3.19354, 72.4563, 33.3869, 162.645, 102.073, 170.314, 7.13348, 5.01402, 85.3112, 11.7632, 175.18, 313.924, 257.602, 0.689007, 153.031, 58.3907, 97.6371, 68.4942, 40.3043, 91.4436, 122.969, 142.403, 79.5914, 196.274, 206.143, 69.9638, 103.286, 69.404, 120.453, 46.2683, 200.121, 57.6933, 8.85521, 97.1444, 28.3829, 16.7067, 5.45891, 25.2351, 53.3912, 0.94286, 24.7453, 45.9886, 353.813, 16.6215, 148.003, 132.58, 8.49197, 23.3819, 43.9599, 47.6295, 80.7876, 32.3424, 132.226, 41.6161, 31.3878, 68.1423, 33.9623, 5.75748, 136.645, 239.312, 32.572, 73.8374, 134.275, 127.107, 157.776, 117.631, 34.3365, 271.819, 108.416, 149.649, 152.528, 113.855, 27.293, 169.998, 89.5631, 120.42, 4.9864, 74.645, 69.9903, 88.171, 25.0901, 7.15638, 39.5526, 88.144, 9.21871, 4.68528, 105.278, 94.1226, 20.6799, 50.1153, 15.7941, 31.2396, 41.503, 393.469, 253.59, 104.99, 36.7846, 159.919, 36.4789, 63.418, 270.676, 165.439, 2.87054, 24.2096, 342.579, 108.843, 70.4746, 51.3326, 48.1252, 4.03697, 85.7854, 11.4898, 27.0588, 21.454, 91.851, 97.9226, 27.9105, 18.1997, 64.3381, 15.9459, 231.345, 188.447, 207.597, 74.5992, 126.579, 27.135, 2.52906, 106.399, 0.41004, 82.601, 16.5351, 114.148, 169.711, 9.53502, 6.56428, 1.96259, 6.67228, 1.9886, 14.7595, 68.9241, 13.7685, 14.7872, 8.63812, 26.3778, 128.276, 14.7349, 160.45, 56.7247, 97.5904, 229.907, 274.138, 134.26, 148.081, 32.1569, 53.4476, 7.19723, 17.6209, 42.8777, 65.211, 184.339, 56.2781, 146.332, 76.376, 0.129094, 186.7, 204.489, 20.5062, 99.9017, 41.4195, 26.0115, 92.3946, 44.9065, 106.932, 43.0747, 110.975, 60.0179, 62.54, 73.8338, 11.57, 45.8523, 172.288, 82.6854, 138.593, 44.2676, 140.909, 63.4309, 126.678, 25.9701, 220.684, 10.1569, 43.2278, 33.962, 3.76575, 196.007, 158.982, 47.33, 42.0026, 1.25892, 87.0838, 19.869, 25.7596, 40.6999, 114.106, 96.5969, 36.8662, 60.3914, 50.9697, 66.7408, 37.9205, 27.4706, 9.59997, 5.73911, 50.5626, 2.2845, 271.644, 113.376, 84.9263, 76.4639, 44.7115, 227.022, 37.4084, 33.2584, 104.198, 2.25547, 96.0475, 328.493, 145.699, 66.6035, 118.604, 15.7282, 63.5285, 134.016, 44.0352, 23.698, 100.301, 9.00169, 17.7054, 393.131, 6.48375, 163.074, 47.5197, 40.8556, 62.4, 10.9724, 6.23958, 1.49035, 93.5499, 46.3173, 96.2842, 39.8134, 77.9583, 113.504, 351.619, 59.8824, 74.2723, 39.7198, 14.8787, 57.9515, 60.4772, 10.0889, 38.4621, 374.787, 78.3937, 42.0346, 8.0813, 130.516, 146.649, 127.168, 36.2267, 226.563, 31.1862, 77.995, 17.822, 24.6097, 8.21981, 59.2306, 107.912, 13.6032, 16.7175, 10.168, 51.0655, 273.059, 60.7932, 14.0744, 5.71378, 21.7842, 101.366, 54.391, 124.336, 31.8674, 30.1435, 49.8572, 34.2734, 30.7252, 147.859, 15.0509, 114.896, 54.1889, 33.2021, 27.5385, 21.9817, 457.923, 16.8737, 55.8762, 209.668, 172.014, 295.257, 36.1705, 23.2229, 307.109, 39.4393, 34.476, 36.9101, 56.8311, 315.392, 10.0282, 21.4485, 92.3146, 3.81372, 149.58, 2.00221, 16.2898, 202.824, 194.666, 3.64762, 57.7437, 122.462, 161.771, 91.051, 155.815, 179.038, 35.4146, 13.9513, 37.578, 95.7781, 12.3925, 260.257, 6.47159, 217.705, 28.9623, 