% ---------------------------------------------------------- %
allocation_time = 0.16752;
cpu_compution_time = 535.733;
gpu_compution_time = 272081;
copyback_time = 0;
% ---------------------------------------------------------- %
number_of_particles = 1000;
number_of_iterations = 10000;
% ---------------------------------------------------------- %
displacement = [58.5034, 38.0069, 37.6129, 101.333, 603.543, 438.096, 91.4653, 117.323, 235.502, 337.011, 221.468, 44.437, 411.051, 141.03, 78.4115, 149.055, 601.9, 65.6429, 496.781, 7.62201, 365.523, 1081.78, 200.247, 317.861, 173.328, 829.997, 1093.32, 140.481, 150.576, 274.503, 399.691, 699.757, 805.959, 35.866, 103.037, 103.835, 554.492, 552.796, 276.487, 0.507634, 100.171, 400.161, 64.1361, 1267.4, 121.497, 343.259, 685.013, 275.111, 586.831, 403.503, 124.967, 380.62, 54.0387, 797.143, 47.7027, 416.611, 850.231, 196.403, 129.56, 335.699, 779.676, 283.559, 331.011, 58.9045, 422.066, 373.881, 725.32, 608.975, 20.7304, 391.84, 515.327, 1077.03, 851.642, 5.95418, 170.777, 167.553, 315.266, 148.546, 53.4718, 145.637, 36.258, 476.28, 139.134, 306.67, 100.711, 325.674, 137.283, 32.3049, 164.477, 393.334, 115.342, 33.5167, 221.096, 69.8525, 204.721, 384.669, 35.8275, 1740.41, 72.3046, 349.828, 96.3717, 141.647, 60.2869, 321.277, 33.6183, 164.303, 89.096, 1259.93, 194.515, 259.182, 440.832, 303.759, 382.569, 417.381, 53.1853, 1.67119, 46.2048, 228.711, 5.5483, 952.209, 3.61318, 217.367, 263.657, 1798.37, 31.2543, 127.962, 1323.08, 116.217, 27.2897, 51.7776, 54.8227, 496.814, 220.476, 448.46, 188.57, 194.219, 108.991, 99.1802, 703.412, 238.248, 283.019, 659.75, 263.9, 139.539, 178.543, 88.9352, 651.029, 1572.39, 27.3423, 1226.35, 432.242, 723.82, 81.7197, 43.5536, 144.236, 1415.31, 1517.06, 216.262, 70.9015, 467.205, 128.75, 2.6565, 629.245, 136.948, 441.573, 550.153, 48.8433, 237.722, 1588.6, 102.64, 324.236, 502.693, 114.675, 73.3764, 127.044, 817.678, 106.03, 211.228, 34.8969, 288.12, 155.933, 16.1856, 71.9211, 207.619, 238.46, 52.0597, 48.1517, 510.017, 771.983, 209.705, 402.967, 778.74, 744.374, 283.903, 409.285, 981.674, 129.426, 81.1889, 186.514, 106.771, 480.697, 811.615, 485.906, 1292.11, 133.399, 357.158, 597.895, 500.565, 219.828, 443.829, 26.8307, 5.49627, 259.838, 481.042, 181.483, 149.548, 205.787, 274.229, 129.19, 105.384, 52.1928, 148.886, 28.9662, 1018.35, 65.7714, 987.377, 844.035, 377.069, 839.321, 240.602, 1086.79, 11.1005, 185.284, 567.409, 157.034, 27.4455, 359.277, 112.174, 403.583, 16.5724, 406.212, 363.534, 353.379, 27.579, 1107.26, 5.00292, 36.6729, 58.1904, 322.588, 500.388, 122.66, 226.501, 107.989, 1560.17, 53.9939, 1.97649, 240.21, 204.974, 126.525, 75.1613, 11.1366, 531.971, 63.2092, 2063.17, 248.218, 213.879, 428.597, 682.827, 127.38, 93.2999, 99.0734, 213.296, 212.073, 96.4322, 101.857, 13.5184, 107.606, 90.8643, 126.482, 565.031, 167.279, 331.464, 13.1968, 561.685, 93.722, 319.465, 60.7553, 143.898, 172.66, 949.046, 123.894, 222.617, 144.164, 789.943, 66.9009, 788.846, 201.184, 53.7277, 134.418, 202.495, 474.463, 85.9134, 470.344, 733.424, 2.60199, 408.637, 119.07, 481.302, 139.473, 38.3097, 378.37, 52.2104, 64.0543, 325.556, 102.562, 10.2461, 480.489, 223.966, 145.533, 33.9182, 7.83836, 147.663, 130.468, 50.3821, 96.4342, 283.712, 8.947, 5.68346, 133.237, 377.323, 1035.8, 396.417, 51.1817, 93.6828, 565.324, 803.516, 169.67, 604.338, 400.092, 146.844, 1968.06, 154.825, 69.1857, 471.1, 650.405, 556.816, 202.834, 119.61, 483.221, 249.355, 65.4668, 600.869, 429.447, 730.208, 214.803, 303.602, 601.721, 987.504, 348.522, 107.251, 740.01, 68.4668, 26.1169, 857.177, 235.827, 515.055, 173.023, 203.395, 434.852, 69.6437, 354.854, 228.651, 142.862, 156.959, 217.881, 169.983, 186.335, 236.69, 72.9806, 40.4737, 58.4259, 95.4915, 638.677, 314.946, 126.317, 211.349, 517.076, 223.987, 168.823, 442.163, 512.817, 295.473, 234.539, 75.5559, 226.476, 192.536, 41.2762, 262.788, 747.95, 18.0587, 765.987, 886.936, 327.736, 3.94057, 1218.51, 253.527, 61.7818, 91.961, 169.258, 160.952, 149.505, 126.529, 65.5125, 450.138, 368.72, 225.779, 167.928, 1.07256, 54.1466, 1004.95, 2053.07, 135.622, 959.942, 417.639, 192.122, 115.392, 201.743, 430.88, 137.153, 574.353, 95.1816, 569.449, 182.496, 136.609, 320.427, 465.003, 314.762, 216.095, 164.503, 261.504, 138.341, 127.732, 211.636, 207.701, 88.7381, 219.106, 20.8363, 255.176, 123.139, 908.74, 393.247, 127.725, 90.8657, 726.658, 307.002, 1374.98, 591.718, 254.104, 571.728, 385.588, 112.934, 412.085, 177.764, 234.058, 28.0915, 64.2962, 101.635, 78.1278, 136.065, 139.54, 886.346, 67.2695, 198.571, 1418.64, 719.502, 482.063, 403.045, 214.636, 786.496, 538.285, 132.352, 92.6968, 209.904, 227.189, 691.509, 420.662, 136.957, 1.09123, 260.851, 104.903, 278.949, 357.97, 686.295, 598.496, 382.103, 1314.95, 117.863, 62.7773, 353.055, 312.892, 6.79929, 115.013, 823.42, 52.1169, 83.5892, 1121.86, 194.99, 545.879, 1263.55, 338.586, 119.915, 100.954, 175.049, 95.5789, 3.59011, 387.786, 86.4269, 115.645, 261.657, 269.483, 274.473, 163.484, 517.44, 114.794, 556.591, 127.529, 33.2554, 183.149, 105.565, 983.568, 340.125, 152.798, 506.363, 31.0473, 531.681, 34.8707, 607.002, 90.0667, 169.205, 7.91367, 130.083, 753.399, 13.3884, 283.614, 291.061, 181.923, 192.684, 506.996, 499.46, 77.7315, 5.80194, 426.553, 276.146, 157.691, 138.484, 223.999, 221.492, 73.4204, 128.905, 102.395, 466.313, 123.66, 1172.08, 66.1849, 153.659, 596.287, 29.0507, 338.69, 122.319, 97.8214, 414.618, 150.58, 68.8013, 421.786, 104.738, 21.6958, 213.133, 551.226, 415.534, 6.48827, 103.946, 53.8208, 826.187, 42.4779, 303.301, 1213.27, 134.747, 727.173, 540.897, 199.367, 136.361, 91.1721, 315.913, 819.294, 372.621, 1094.87, 123.531, 407.252, 481.022, 123.544, 14.3939, 298.856, 324.312, 51.5369, 167.122, 302.887, 29.9545, 977.6, 506.184, 29.582, 168.251, 1035.27, 860.736, 48.3043, 145.417, 611.238, 509.004, 66.3691, 356.081, 316.931, 499.093, 98.3329, 1562.11, 515.857, 481.073, 461.448, 259.3, 40.3994, 156.127, 1011.83, 2.02166, 245.879, 240.353, 623.18, 353.984, 300.785, 155.565, 129.15, 316.887, 358.302, 234.512, 4.1715, 1008.9, 211.206, 107.562, 383.892, 112.663, 234.621, 390.192, 609.243, 147.142, 49.5153, 125.559, 318.989, 351.465, 85.9161, 36.8191, 428.361, 132.67, 434.094, 407.081, 240.848, 56.3537, 70.4792, 31.7898, 838.219, 360.088, 342.441, 215.947, 117.276, 207.321, 279.309, 1.45174, 820.24, 97.7009, 67.1684, 7.40114, 727.351, 137.875, 294.002, 297.548, 209.892, 1162.2, 631.99, 6.96944, 108.736, 122.841, 13.3257, 1849.28, 18.1637, 389.092, 214.952, 160.627, 76.2015, 98.0554, 158.33, 8.58901, 234.724, 681.7, 466.094, 2282.22, 3.49217, 330.663, 64.742, 116.721, 540.594, 665.352, 110.227, 1101.24, 20.5873, 191.897, 438.528, 185.972, 719.124, 493.012, 243.127, 10.9354, 9.34805, 202.755, 9.63407, 87.7765, 113.915, 93.5006, 127.284, 13.1724, 4.57192, 92.2045, 20.3221, 93.5998, 233.191, 119.649, 299.789, 39.0446, 938.127, 392.374, 461.808, 136.901, 107.442, 458.826, 86.8295, 418.294, 376.296, 393.049, 550.193, 98.8545, 587.198, 282.391, 59.0922, 59.6006, 507.567, 316.433, 17.1915, 132.123, 1592.11, 373.071, 321.931, 60.3814, 46.7312, 8.7999, 311.228, 56.0312, 323.43, 117.18, 69.5058, 291.927, 802.8, 1081.66, 111.57, 611.391, 1145.08, 285.99, 788.424, 213.27, 647.938, 51.2262, 309.819, 27.6382, 238.036, 4.85866, 76.2286, 698.978, 247.875, 91.9952, 882.613, 92.3643, 13.7048, 98.7234, 80.0787, 818.739, 1327.35, 7.65383, 558.938, 1226.39, 77.4381, 95.2932, 125.817, 119.776, 732.039, 0.85999, 502.36, 351.538, 794.016, 85.22, 28.83, 398.356, 96.8286, 970.737, 302.351, 51.8192, 112.857, 650, 669.341, 101.92, 32.6017, 216.125, 1003.76, 167.433, 273.246, 158.246, 5.44113, 228.863, 147.826, 115.303, 528.512, 543.88, 18.3274, 107.623, 24.6047, 105.482, 919.79, 3.86937, 410.577, 130.769, 276.113, 71.7971, 108.518, 157.604, 185.893, 20.802, 295.063, 688.755, 465.028, 80.2469, 407.52, 154.308, 140.677, 6.54491, 79.5532, 1137.4, 57.4658, 93.8267, 119.923, 969.467, 102.254, 418.909, 6.22825, 83.7686, 9.10562, 292.609, 